Guloso:
Tempo de execução: 0 ms
Custo: 38814
30 33 22 32 17 15 31 26 34 13 38 40 9 28 
23 21 35 16 37 2 6 10 18 27 5 29 8 36 
4 25 12 20 19 11 14 3 1 7 24 39 

VND:
Tempo de execução: 3 ms
Custo: 36557
30 33 22 32 17 15 31 26 34 13 38 40 28 9 
23 21 35 16 37 2 6 10 18 27 5 8 36 29 
4 25 12 20 19 11 14 3 1 7 39 24 

ILS com 10 iterações:
Tempo de execução: 11 ms
Custo: 36557
30 33 22 32 17 15 31 26 34 13 38 40 28 9 
23 21 35 16 37 2 6 10 18 27 5 8 36 29 
4 25 12 20 19 11 14 3 1 7 39 24 

Tempo total de execução: 16 ms
