Guloso:
Tempo de execução: 0 ms
Custo: 282129
35 36 14 27 2 29 25 8 15 11 26 32 6 37 22 
28 10 20 3 16 24 5 19 4 38 18 40 
17 13 1 33 23 7 34 21 9 39 31 30 12 

VND:
Tempo de execução: 8 ms
Custo: 105195
35 36 27 14 29 25 2 32 8 6 37 11 26 22 15 
28 20 16 10 4 18 38 40 5 19 3 24 
17 13 1 7 23 33 31 21 34 9 12 30 39 

ILS com 10 iterações:
Tempo de execução: 12 ms
Custo: 105195
35 36 27 14 29 25 2 32 8 6 37 11 26 22 15 
28 20 16 10 4 18 38 40 5 19 3 24 
17 13 1 7 23 33 31 21 34 9 12 30 39 

Tempo total de execução: 21 ms
