Guloso:
Tempo de execução: 0 ms
Custo: 47056
6 5 30 4 40 27 25 35 3 1 11 7 29 
38 19 10 28 21 18 13 33 24 36 8 23 9 14 39 
37 32 22 12 34 20 2 16 26 31 15 17 

VND:
Tempo de execução: 2 ms
Custo: 36105
6 5 30 4 40 27 25 35 3 7 29 1 11 
38 19 10 28 21 18 13 33 24 36 8 9 14 23 39 
37 32 22 12 20 34 2 16 26 15 17 31 

ILS com 10 iterações:
Tempo de execução: 12 ms
Custo: 29003
6 5 30 4 40 27 25 35 3 7 29 1 11 
38 19 10 28 21 18 13 33 24 36 8 9 14 23 39 
37 32 22 12 20 34 2 16 26 31 15 17 

Tempo total de execução: 15 ms
