Guloso:
Tempo de execução: 0 ms
Custo: 169235
19 35 15 36 27 3 11 30 7 22 20 
37 32 2 13 5 23 8 1 4 31 24 21 14 10 12 
17 6 9 18 25 29 34 39 26 28 38 33 16 40 

VND:
Tempo de execução: 3 ms
Custo: 95699
19 35 15 27 36 30 3 7 22 11 20 
37 13 2 5 32 23 8 4 31 1 24 21 14 10 12 
6 9 17 18 25 39 29 28 26 38 34 33 16 40 

ILS com 10 iterações:
Tempo de execução: 13 ms
Custo: 95699
19 35 15 27 36 30 3 7 22 11 20 
37 13 2 5 32 23 8 4 31 1 24 21 14 10 12 
6 9 17 18 25 39 29 28 26 38 34 33 16 40 

Tempo total de execução: 18 ms
