Guloso:
Tempo de execução: 0 ms
Custo: 156416
13 24 10 34 12 25 27 19 2 7 35 40 11 
1 26 3 15 17 9 37 36 22 6 23 31 39 30 
38 5 28 8 29 21 16 14 20 32 4 18 33 

VND:
Tempo de execução: 2 ms
Custo: 111911
13 24 34 10 12 27 19 25 7 40 2 11 35 
1 15 3 26 17 9 37 22 6 36 23 31 39 30 
38 5 28 8 29 21 16 14 20 32 4 18 33 

ILS com 10 iterações:
Tempo de execução: 11 ms
Custo: 92690
13 24 34 10 12 27 19 25 7 40 2 11 35 
1 15 3 26 17 9 37 22 6 36 23 31 30 39 
38 5 28 8 29 21 16 32 14 4 33 20 18 

Tempo total de execução: 13 ms
