Guloso:
Tempo de execução: 0 ms
Custo: 95213
30 16 24 33 28 7 8 48 37 26 
17 1 11 15 12 41 32 43 21 13 
42 47 50 38 25 10 6 34 49 
9 20 3 4 46 36 18 45 31 5 39 
27 14 22 23 19 44 2 29 35 40 

VND:
Tempo de execução: 1 ms
Custo: 73672
30 16 24 28 7 33 8 48 37 26 
17 1 11 15 12 41 32 43 21 13 
42 47 50 38 25 6 10 49 34 
9 20 3 4 46 36 18 5 31 45 39 
27 14 22 23 19 44 2 35 40 29 

ILS com 10 iterações:
Tempo de execução: 16 ms
Custo: 69489
30 16 24 28 7 33 8 48 37 26 
17 1 11 15 12 41 32 43 21 13 
42 47 50 38 25 6 10 49 34 
9 20 3 4 46 18 36 5 31 45 39 
27 14 22 23 19 44 2 35 40 29 

Tempo total de execução: 18 ms
