Guloso:
Tempo de execução: 0 ms
Custo: 61611
50 27 2 42 1 12 34 40 41 25 5 43 
19 9 38 6 20 30 29 28 37 
14 8 18 4 16 7 13 24 11 45 
17 39 22 23 31 35 10 33 3 26 
36 48 47 32 21 46 49 44 15 

VND:
Tempo de execução: 2 ms
Custo: 41052
50 27 2 42 1 12 34 41 25 43 5 40 
19 9 38 6 30 29 37 20 28 
14 8 18 4 16 7 13 11 24 45 
17 39 22 23 31 35 10 3 33 26 
36 48 47 32 21 46 49 44 15 

ILS com 10 iterações:
Tempo de execução: 16 ms
Custo: 35536
50 27 2 42 1 12 34 41 25 43 5 40 
19 9 38 6 30 29 37 20 28 
14 8 18 4 16 7 13 11 24 45 
17 39 22 23 31 35 10 3 33 26 
36 48 47 32 21 49 15 44 46 

Tempo total de execução: 19 ms
