Guloso:
Tempo de execução: 0 ms
Custo: 229234
29 38 21 36 39 9 4 3 44 20 19 
23 7 34 5 25 24 45 46 48 26 28 31 18 
12 8 6 40 14 13 33 15 32 
50 30 16 11 17 47 2 35 
27 37 22 41 10 1 49 43 42 

VND:
Tempo de execução: 19 ms
Custo: 159739
29 38 39 21 36 9 3 19 4 20 44 
23 7 34 5 24 46 25 48 45 18 28 31 26 
12 8 6 40 15 32 13 14 33 
50 30 11 17 47 16 35 2 
27 22 41 37 10 1 42 43 49 

ILS com 10 iterações:
Tempo de execução: 19 ms
Custo: 159739
29 38 39 21 36 9 3 19 4 20 44 
23 7 34 5 24 46 25 48 45 18 28 31 26 
12 8 6 40 15 32 13 14 33 
50 30 11 17 47 16 35 2 
27 22 41 37 10 1 42 43 49 

Tempo total de execução: 40 ms
