Guloso:
Tempo de execução: 1 ms
Custo: 46971
9 40 16 17 6 41 20 28 13 14 
1 21 18 24 33 39 31 35 27 10 37 
38 29 48 44 3 42 23 50 30 5 
19 11 45 34 8 32 26 4 12 15 25 
46 47 43 36 49 2 7 22 

VND:
Tempo de execução: 5 ms
Custo: 28992
9 40 16 17 6 41 20 13 28 14 
1 21 18 24 33 39 31 35 27 10 37 
38 29 48 44 3 42 50 30 23 5 
19 11 45 34 8 32 26 12 15 25 4 
46 47 43 36 2 22 7 49 

ILS com 10 iterações:
Tempo de execução: 18 ms
Custo: 28992
9 40 16 17 6 41 20 13 28 14 
1 21 18 24 33 39 31 35 27 10 37 
38 29 48 44 3 42 50 30 23 5 
19 11 45 34 8 32 26 12 15 25 4 
46 47 43 36 2 22 7 49 

Tempo total de execução: 26 ms
