Guloso:
Tempo de execução: 0 ms
Custo: 21670
48 27 35 22 28 23 9 26 8 19 21 47 
13 20 42 24 49 34 43 25 
10 5 3 14 33 7 36 31 44 41 39 
1 4 50 2 18 30 45 46 32 16 
15 17 6 38 11 12 40 29 37 

VND:
Tempo de execução: 0 ms
Custo: 21385
48 27 35 22 28 23 9 26 8 19 21 47 
13 20 42 24 49 34 43 25 
10 5 3 14 33 7 36 31 44 41 39 
1 4 50 2 18 30 45 46 32 16 
15 17 6 38 11 12 29 40 37 

ILS com 10 iterações:
Tempo de execução: 17 ms
Custo: 21166
48 27 35 22 28 23 9 26 8 19 21 47 
13 20 42 24 49 34 43 25 
10 5 3 14 33 7 36 31 44 41 39 
1 4 50 2 18 30 45 46 32 16 
15 17 6 38 11 12 29 37 40 

Tempo total de execução: 19 ms
